2010  0.06  0.11  0.16
2011  0.08  0.13  0.19
2012  0.09  0.15  0.21
2013  0.10  0.17  0.24
2014  0.11  0.19  0.27
2015  0.12  0.21  0.30
2016  0.13  0.23  0.33
2017  0.15  0.25  0.36
2018  0.16  0.28  0.39
2019  0.17  0.30  0.43
2020  0.19  0.32  0.46
2021  0.21  0.35  0.49
2022  0.22  0.37  0.53
2023  0.23  0.40  0.57
2024  0.25  0.42  0.60
2025  0.26  0.45  0.64
2026  0.28  0.48  0.67
2027  0.30  0.51  0.71
2028  0.32  0.53  0.75
2029  0.34  0.56  0.79
2030  0.35  0.59  0.82
2031  0.38  0.62  0.86
2032  0.39  0.65  0.90
2033  0.41  0.68  0.94
2034  0.43  0.71  0.98
2035  0.45  0.73  1.01
2036  0.47  0.76  1.05
2037  0.49  0.79  1.09
2038  0.51  0.82  1.13
2039  0.54  0.85  1.17
2040  0.56  0.89  1.21
2041  0.59  0.92  1.25
2042  0.61  0.96  1.29
2043  0.64  0.99  1.33
2044  0.66  1.02  1.37
2045  0.68  1.05  1.42
2046  0.71  1.09  1.46
2047  0.73  1.12  1.50
2048  0.75  1.15  1.54
2049  0.78  1.18  1.58
2050  0.80  1.22  1.63
2051  0.83  1.25  1.67
2052  0.86  1.29  1.71
2053  0.88  1.32  1.75
2054  0.91  1.36  1.80
2055  0.93  1.39  1.84
2056  0.96  1.43  1.88
2057  0.99  1.46  1.93
2058  1.02  1.50  1.97
2059  1.04  1.53  2.02
2060  1.07  1.57  2.06
2061  1.09  1.60  2.11
2062  1.12  1.64  2.16
2063  1.15  1.68  2.20
2064  1.17  1.72  2.25
2065  1.20  1.75  2.30
2066  1.23  1.79  2.35
2067  1.26  1.83  2.40
2068  1.28  1.87  2.44
2069  1.30  1.90  2.49
2070  1.33  1.94  2.54
2071  1.36  1.98  2.59
2072  1.39  2.02  2.64
2073  1.41  2.05  2.69
2074  1.43  2.09  2.74
2075  1.45  2.13  2.80
2076  1.48  2.17  2.85
2077  1.51  2.21  2.90
2078  1.53  2.25  2.96
2079  1.56  2.29  3.01
2080  1.59  2.33  3.06
2081  1.61  2.37  3.12
2082  1.63  2.41  3.17
2083  1.66  2.45  3.22
2084  1.69  2.49  3.28
2085  1.71  2.53  3.34
2086  1.74  2.57  3.39
2087  1.76  2.61  3.45
2088  1.79  2.65  3.51
2089  1.81  2.69  3.56
2090  1.84  2.73  3.62
2091  1.86  2.77  3.68
2092  1.89  2.81  3.73
2093  1.91  2.85  3.79
2094  1.93  2.89  3.84
2095  1.95  2.93  3.90
2096  1.97  2.97  3.95
2097  1.99  3.00  4.00
2098  2.00  3.04  4.06
2099  2.02  3.07  4.11
2100  2.04  3.11  4.16