2010  0.07  0.12  0.17
2011  0.08  0.14  0.20
2012  0.10  0.16  0.22
2013  0.11  0.18  0.26
2014  0.13  0.21  0.29
2015  0.14  0.23  0.32
2016  0.16  0.26  0.35
2017  0.18  0.28  0.39
2018  0.20  0.31  0.42
2019  0.22  0.34  0.46
2020  0.24  0.37  0.50
2021  0.26  0.40  0.53
2022  0.28  0.43  0.58
2023  0.30  0.46  0.62
2024  0.31  0.48  0.65
2025  0.33  0.51  0.69
2026  0.35  0.54  0.73
2027  0.38  0.58  0.77
2028  0.39  0.61  0.82
2029  0.42  0.64  0.86
2030  0.44  0.67  0.90
2031  0.46  0.70  0.95
2032  0.48  0.74  0.99
2033  0.50  0.77  1.03
2034  0.53  0.80  1.07
2035  0.55  0.84  1.12
2036  0.58  0.87  1.16
2037  0.60  0.90  1.20
2038  0.62  0.94  1.25
2039  0.65  0.97  1.29
2040  0.68  1.01  1.35
2041  0.71  1.05  1.39
2042  0.73  1.09  1.44
2043  0.76  1.12  1.48
2044  0.79  1.17  1.53
2045  0.83  1.21  1.59
2046  0.86  1.25  1.64
2047  0.89  1.29  1.69
2048  0.92  1.33  1.74
2049  0.96  1.38  1.79
2050  0.99  1.42  1.84
2051  1.02  1.46  1.90
2052  1.05  1.50  1.95
2053  1.09  1.55  2.01
2054  1.12  1.59  2.06
2055  1.14  1.63  2.11
2056  1.17  1.67  2.16
2057  1.21  1.72  2.22
2058  1.25  1.77  2.28
2059  1.28  1.81  2.34
2060  1.30  1.85  2.39
2061  1.34  1.90  2.46
2062  1.37  1.95  2.52
2063  1.41  2.00  2.58
2064  1.44  2.04  2.64
2065  1.47  2.09  2.71
2066  1.50  2.14  2.77
2067  1.53  2.19  2.83
2068  1.56  2.23  2.90
2069  1.59  2.28  2.96
2070  1.62  2.33  3.03
2071  1.65  2.38  3.10
2072  1.68  2.43  3.16
2073  1.71  2.48  3.23
2074  1.75  2.53  3.30
2075  1.79  2.59  3.38
2076  1.82  2.64  3.45
2077  1.84  2.69  3.52
2078  1.87  2.74  3.60
2079  1.91  2.79  3.67
2080  1.93  2.84  3.74
2081  1.96  2.89  3.81
2082  1.99  2.95  3.89
2083  2.02  3.00  3.96
2084  2.05  3.05  4.04
2085  2.08  3.10  4.11
2086  2.11  3.16  4.19
2087  2.15  3.22  4.27
2088  2.18  3.27  4.35
2089  2.22  3.33  4.43
2090  2.25  3.38  4.50
2091  2.28  3.44  4.58
2092  2.31  3.49  4.66
2093  2.35  3.55  4.73
2094  2.38  3.60  4.81
2095  2.41  3.66  4.88
2096  2.44  3.71  4.96
2097  2.46  3.76  5.03
2098  2.49  3.81  5.10
2099  2.52  3.86  5.17
2100  2.54  3.90  5.23