2010  0.06  0.12  0.17
2011  0.08  0.14  0.20
2012  0.10  0.16  0.22
2013  0.11  0.18  0.25
2014  0.13  0.21  0.29
2015  0.14  0.23  0.32
2016  0.16  0.26  0.36
2017  0.18  0.28  0.39
2018  0.19  0.31  0.42
2019  0.21  0.33  0.45
2020  0.23  0.36  0.49
2021  0.25  0.38  0.52
2022  0.26  0.41  0.55
2023  0.28  0.43  0.59
2024  0.29  0.46  0.62
2025  0.31  0.49  0.66
2026  0.33  0.51  0.69
2027  0.35  0.53  0.72
2028  0.36  0.56  0.75
2029  0.38  0.58  0.78
2030  0.39  0.60  0.81
2031  0.41  0.62  0.83
2032  0.41  0.64  0.86
2033  0.42  0.66  0.89
2034  0.43  0.68  0.92
2035  0.44  0.69  0.94
2036  0.45  0.70  0.96
2037  0.46  0.72  0.98
2038  0.47  0.74  1.01
2039  0.47  0.75  1.03
2040  0.48  0.77  1.05
2041  0.49  0.78  1.08
2042  0.49  0.80  1.10
2043  0.50  0.81  1.12
2044  0.50  0.82  1.14
2045  0.50  0.83  1.15
2046  0.51  0.84  1.17
2047  0.51  0.85  1.19
2048  0.52  0.86  1.20
2049  0.52  0.87  1.22
2050  0.52  0.88  1.23
2051  0.53  0.89  1.25
2052  0.53  0.90  1.26
2053  0.54  0.91  1.27
2054  0.54  0.91  1.28
2055  0.54  0.92  1.29
2056  0.54  0.92  1.30
2057  0.54  0.93  1.31
2058  0.54  0.93  1.32
2059  0.54  0.94  1.33
2060  0.55  0.94  1.34
2061  0.55  0.95  1.34
2062  0.55  0.95  1.35
2063  0.55  0.95  1.35
2064  0.56  0.96  1.36
2065  0.56  0.96  1.37
2066  0.55  0.96  1.37
2067  0.55  0.96  1.38
2068  0.54  0.97  1.38
2069  0.55  0.97  1.39
2070  0.55  0.97  1.39
2071  0.54  0.97  1.40
2072  0.54  0.97  1.40
2073  0.53  0.98  1.41
2074  0.53  0.98  1.42
2075  0.52  0.98  1.42
2076  0.52  0.98  1.43
2077  0.52  0.98  1.43
2078  0.51  0.98  1.43
2079  0.51  0.97  1.43
2080  0.51  0.97  1.43
2081  0.50  0.97  1.44
2082  0.50  0.97  1.44
2083  0.49  0.97  1.44
2084  0.48  0.96  1.45
2085  0.47  0.96  1.45
2086  0.47  0.96  1.44
2087  0.46  0.96  1.45
2088  0.45  0.95  1.45
2089  0.44  0.94  1.45
2090  0.43  0.94  1.45
2091  0.42  0.94  1.45
2092  0.42  0.93  1.45
2093  0.41  0.93  1.44
2094  0.40  0.92  1.44
2095  0.39  0.92  1.44
2096  0.38  0.91  1.44
2097  0.37  0.91  1.43
2098  0.36  0.90  1.43
2099  0.35  0.89  1.42
2100  0.34  0.89  1.42