2010  0.06  0.11  0.16
2011  0.08  0.14  0.20
2012  0.09  0.16  0.22
2013  0.10  0.18  0.25
2014  0.12  0.20  0.29
2015  0.13  0.23  0.32
2016  0.15  0.25  0.35
2017  0.17  0.27  0.38
2018  0.18  0.30  0.41
2019  0.20  0.32  0.45
2020  0.22  0.35  0.48
2021  0.24  0.38  0.51
2022  0.26  0.40  0.54
2023  0.28  0.43  0.58
2024  0.30  0.45  0.61
2025  0.31  0.48  0.64
2026  0.34  0.51  0.67
2027  0.36  0.53  0.71
2028  0.38  0.56  0.74
2029  0.40  0.59  0.78
2030  0.42  0.62  0.81
2031  0.44  0.64  0.84
2032  0.45  0.67  0.88
2033  0.47  0.69  0.91
2034  0.48  0.71  0.94
2035  0.49  0.73  0.97
2036  0.50  0.75  1.00
2037  0.52  0.78  1.03
2038  0.54  0.80  1.06
2039  0.56  0.83  1.10
2040  0.57  0.85  1.13
2041  0.58  0.87  1.16
2042  0.60  0.90  1.19
2043  0.62  0.92  1.23
2044  0.63  0.95  1.26
2045  0.65  0.97  1.29
2046  0.66  1.00  1.32
2047  0.68  1.02  1.36
2048  0.69  1.04  1.39
2049  0.71  1.07  1.42
2050  0.72  1.09  1.46
2051  0.74  1.12  1.49
2052  0.75  1.14  1.53
2053  0.77  1.16  1.56
2054  0.78  1.19  1.59
2055  0.80  1.21  1.62
2056  0.82  1.24  1.65
2057  0.83  1.26  1.69
2058  0.84  1.28  1.71
2059  0.85  1.30  1.74
2060  0.87  1.32  1.77
2061  0.88  1.34  1.80
2062  0.89  1.36  1.83
2063  0.91  1.38  1.85
2064  0.92  1.40  1.88
2065  0.93  1.42  1.91
2066  0.95  1.44  1.93
2067  0.96  1.46  1.96
2068  0.97  1.48  1.98
2069  0.98  1.50  2.01
2070  0.99  1.51  2.03
2071  0.99  1.52  2.05
2072  1.00  1.54  2.07
2073  1.02  1.56  2.10
2074  1.03  1.58  2.12
2075  1.04  1.59  2.14
2076  1.05  1.61  2.17
2077  1.06  1.63  2.19
2078  1.07  1.65  2.21
2079  1.08  1.66  2.24
2080  1.09  1.68  2.26
2081  1.09  1.69  2.28
2082  1.11  1.71  2.31
2083  1.11  1.72  2.33
2084  1.12  1.74  2.35
2085  1.12  1.75  2.37
2086  1.13  1.77  2.40
2087  1.14  1.79  2.42
2088  1.15  1.80  2.44
2089  1.15  1.81  2.46
2090  1.16  1.82  2.48
2091  1.16  1.84  2.50
2092  1.17  1.85  2.52
2093  1.17  1.86  2.54
2094  1.17  1.87  2.56
2095  1.18  1.88  2.57
2096  1.18  1.89  2.59
2097  1.18  1.89  2.61
2098  1.19  1.90  2.62
2099  1.19  1.91  2.63
2100  1.19  1.91  2.64